6f9618f5-1994-4444-996b-4e0e5a6f2963|3|4|5
875a9e3d-71b5-4b07-94d3-7803e6761005|10|10|10
3c8c7d8b-5972-466d-92a5-7b56f8f5370f|5|5|8
b0f0a207-1e5f-4d69-9524-78328760081c|7|10|5
7d87b326-9d31-4a47-920f-08e1e7f603c6|12|13|5
a4783f06-8d54-4638-958b-0e542967119f|8|8|8
4e39268f-9a9c-482b-93f5-763486337890|15|20|25
2d9c0e52-1f4a-4673-9824-345387431201|6|6|10
f1b9a8c7-4321-4d9e-bcde-567890abcdef|10|15|20
d2e3f4a5-b6c7-4d8e-9f0a-1b2c3d4e5f6a|1|1|1.5
e1f2a3b4-c5d6-4e7f-8a9b-0c1d2e3f4a5b|9|40|41
a1b2c3d4-e5f6-4a7b-8c9d-0e1f2a3b4c5d|100|100|150
b1c2d3e4-f5a6-4b7c-8d9e-0f1a2b3c4d5e|2|3|4
c1d2e3f4-a5b6-4c7d-8e9f-0a1b2c3d4e5f|50|50|50
d1e2f3a4-b5c6-4d7e-8f9a-0b1c2d3e4f5a|11|11|20
e2f3a4b5-c6d7-4e8f-9a0b-1c2d3e4f5a6b|8|15|17
f3a4b5c6-d7e8-4f9a-0b1c-2d3e4f5a6b7c|2.5|3.5|5
a5b6c7d8-e9f0-4a1b-2c3d-4e5f6a7b8c9d|30|40|50
b6c7d8e9-f0a1-4b2c-3d4e-5f6a7b8c9d0e|14|14|25
c7d8e9f0-a1b2-4c3d-4e5f-6a7b8c9d0e1f|1000|2|1001